Sample	0	1	2	3	4	5	6	7	8	9	10	11	12	13	14	15
SRR12873146_1	(1.0, 1.227654171501606)	(2.0, 0.47760792425541937)	(3.0, 0.3582059431915645)	(4.0, 0.35652422514841164)	(5.0, 0.3111178379832837)	(6.0, 0.16144493214267697)	(7.0, 0.2354405260414039)	(8.0, 0.09417621041656156)	(9.0, 0.1664900862721356)	('>10', 3.173401947429494)	('>50', 1.7523502009653062)	('>100', 12.584296116913038)	('>500', 6.163496628155323)	('>1k', 56.451911272556046)	('>5k', 16.48588197702773)	('>10k+', 0.0)
SRR12873146_2	(1.0, 4.549047306728554)	(2.0, 1.1805660662933253)	(3.0, 0.7265021946420462)	(4.0, 0.5919647511898155)	(5.0, 0.5381497738089231)	(6.0, 0.49442510468694817)	(7.0, 0.4120209205724568)	(8.0, 0.34979735297580006)	(9.0, 0.3027092477675193)	('>10', 12.819736642954444)	('>50', 11.203605603484519)	('>100', 47.582530312967734)	('>500', 19.24894472192792)	('>1k', 0.0)	('>5k', 0.0)	('>10k+', 0.0)
SRR12873147_1	(1.0, 1.3750834182150258)	(2.0, 0.569000035123459)	(3.0, 0.410944469811387)	(4.0, 0.3371852059990868)	(5.0, 0.2195216184889888)	(6.0, 0.23181482912437218)	(7.0, 0.20898458080151733)	(8.0, 0.28098767166590566)	(9.0, 0.2528889044993151)	('>10', 2.874855115731797)	('>50', 2.15131186119209)	('>100', 9.785395665765165)	('>500', 13.777176776368938)	('>1k', 45.02300586561764)	('>5k', 0.0)	('>10k+', 22.501843981595307)
SRR12873147_2	(1.0, 4.506339784341962)	(2.0, 1.3346914404130519)	(3.0, 0.8482315338414527)	(4.0, 0.5970988022900495)	(5.0, 0.5795370728109304)	(6.0, 0.6111481858733449)	(7.0, 0.5777808998630185)	(8.0, 0.6884197955814688)	(9.0, 0.6164167047170805)	('>10', 15.050402163605073)	('>50', 11.09550068490745)	('>100', 33.423483544659476)	('>500', 18.17287766499245)	('>1k', 11.898071722103193)	('>5k', 0.0)	('>10k+', 0.0)
SRR12873148_1	(1.0, 1.262347171375285)	(2.0, 0.5974994819368653)	(3.0, 0.34710230020031774)	(4.0, 0.2832078469296125)	(5.0, 0.22449402500518065)	(6.0, 0.14505767769565517)	(7.0, 0.19341023692754025)	(8.0, 0.15196518615735305)	(9.0, 0.13987704634938178)	('>10', 3.287974027768184)	('>50', 1.314153484838019)	('>100', 8.27001450576777)	('>500', 13.01029218760793)	('>1k', 45.544657042204875)	('>5k', 25.227947779236032)	('>10k+', 0.0)
SRR12873148_2	(1.0, 4.351730330869655)	(2.0, 1.0879325827174138)	(3.0, 0.6527595496304484)	(4.0, 0.5249706430890377)	(5.0, 0.4576224355874836)	(6.0, 0.5077018719347931)	(7.0, 0.592318850590592)	(8.0, 0.5940457277060165)	(9.0, 0.6061338675139878)	('>10', 11.008841610830974)	('>50', 9.779305104648753)	('>100', 41.49858396076535)	('>500', 20.68798784278511)	('>1k', 7.650065621330386)	('>5k', 0.0)	('>10k+', 0.0)
SRR12873149_1	(1.0, 1.1328799464392685)	(2.0, 0.4792275978716657)	(3.0, 0.31185031185031187)	(4.0, 0.3030409810070827)	(5.0, 0.24666126361041615)	(6.0, 0.1374255611543747)	(7.0, 0.23432820042989536)	(8.0, 0.12685436414249973)	(9.0, 0.25370872828499946)	('>10', 2.419042249550724)	('>50', 1.5557278269142676)	('>100', 10.944712639627893)	('>500', 6.777899150780507)	('>1k', 38.114450826315235)	('>5k', 10.241728038338207)	('>10k+', 26.720462313682653)
SRR12873149_2	(1.0, 4.054054054054054)	(2.0, 1.1452130096197892)	(3.0, 0.7399837908312484)	(4.0, 0.6272243560379154)	(5.0, 0.5197505197505198)	(6.0, 0.5391310476056238)	(7.0, 0.5919870326649987)	(8.0, 0.5356073152683322)	(9.0, 0.5074174565699989)	('>10', 12.114591775608725)	('>50', 10.0761126184855)	('>100', 17.54994890588111)	('>500', 39.38123260157159)	('>1k', 11.6177455160506)	('>5k', 0.0)	('>10k+', 0.0)
SRR12873150_1	(1.0, 1.2429397639259985)	(2.0, 0.4768830114654852)	(3.0, 0.27902729394257114)	(4.0, 0.20969323908411405)	(5.0, 0.16910745087428553)	(6.0, 0.19278249399668548)	(7.0, 0.10653769405079988)	(8.0, 0.05411438427977137)	(9.0, 0.13697703520817128)	('>10', 2.744613927689654)	('>50', 2.6363851591301115)	('>100', 9.361788480400445)	('>500', 15.574796225521698)	('>1k', 42.183853620590526)	('>5k', 24.630500219839686)	('>10k+', 0.0)
SRR12873150_2	(1.0, 4.0653431190178235)	(2.0, 1.1059627287178273)	(3.0, 0.8117157641965704)	(4.0, 0.6155511211823993)	(5.0, 0.6256975682348564)	(6.0, 0.8015693171441133)	(7.0, 0.5090134271315995)	(8.0, 0.43291507423817094)	(9.0, 0.5631278114113708)	('>10', 13.259715223052728)	('>50', 13.241113403456556)	('>100', 40.453884398146585)	('>500', 23.514391044069402)	('>1k', 0.0)	('>5k', 0.0)	('>10k+', 0.0)
SRR12873151_1	(1.0, 1.420461977136579)	(2.0, 0.5388861276061423)	(3.0, 0.4551756611818871)	(4.0, 0.2929866324848929)	(5.0, 0.27467496795458707)	(6.0, 0.188348549454574)	(7.0, 0.21973997436366965)	(8.0, 0.08371046642425511)	(9.0, 0.25897925550003925)	('>10', 3.6100138645460014)	('>50', 2.5191618489549272)	('>100', 16.05932979307819)	('>500', 7.669971486122375)	('>1k', 48.196301043764876)	('>5k', 18.212258351427003)	('>10k+', 0.0)
SRR12873151_2	(1.0, 4.392183535197635)	(2.0, 1.1039317759698641)	(3.0, 0.8632641850001307)	(4.0, 0.8266408559395191)	(5.0, 0.6670677793182829)	(6.0, 0.5179585110000785)	(7.0, 0.6958432521516206)	(8.0, 0.6696837313940409)	(9.0, 0.4944149423182567)	('>10', 17.427472728699613)	('>50', 10.905904203834986)	('>100', 37.24330970256624)	('>500', 24.192324796609725)	('>1k', 0.0)	('>5k', 0.0)	('>10k+', 0.0)
SRR12873152_1	(1.0, 1.3861065582063579)	(2.0, 0.5220664117040005)	(3.0, 0.44314939598130276)	(4.0, 0.291385904206884)	(5.0, 0.2731742851939537)	(6.0, 0.194257269471256)	(7.0, 0.24079807361541108)	(8.0, 0.097128634735628)	(9.0, 0.218539428155163)	('>10', 3.97822699771343)	('>50', 1.7422448855703272)	('>100', 10.993747344138892)	('>500', 11.574495639329003)	('>1k', 52.22485278941298)	('>5k', 15.819826382565411)	('>10k+', 0.0)
SRR12873152_2	(1.0, 4.455776118496935)	(2.0, 1.0238976911714117)	(3.0, 0.6374066654525588)	(4.0, 0.582771808413768)	(5.0, 0.4957607397964346)	(6.0, 0.558489649729861)	(7.0, 0.6232420728869463)	(8.0, 0.7446528663064813)	(9.0, 0.7102531415042798)	('>10', 11.406544041765313)	('>50', 11.481414031040693)	('>100', 41.941358586778364)	('>500', 25.338432586656957)	('>1k', 0.0)	('>5k', 0.0)	('>10k+', 0.0)
SRR12873153_1	(1.0, 1.2730431175296222)	(2.0, 0.43039746947029994)	(3.0, 0.37335684098628436)	(4.0, 0.23853353729679275)	(5.0, 0.14260157121003916)	(6.0, 0.0777826752054759)	(7.0, 0.1814929088127771)	(8.0, 0.2074204672146024)	(9.0, 0.09333921024657109)	('>10', 2.78721252819622)	('>50', 2.310145453602634)	('>100', 14.612771915268738)	('>500', 12.764137001218595)	('>1k', 42.69231766444554)	('>5k', 21.815447639295808)	('>10k+', 0.0)
SRR12873153_2	(1.0, 4.519173429438149)	(2.0, 1.3949026420182011)	(3.0, 0.9411703699862584)	(4.0, 1.0578443827944723)	(5.0, 0.6611527392465452)	(6.0, 0.5289221913972362)	(7.0, 0.6533744717259976)	(8.0, 0.3526147942648241)	(9.0, 0.37335684098628436)	('>10', 16.998107288236668)	('>50', 12.0511291451684)	('>100', 45.606575228810705)	('>500', 14.861676475926261)	('>1k', 0.0)	('>5k', 0.0)	('>10k+', 0.0)
SRR12873154_1	(1.0, 1.5663707679603633)	(2.0, 0.7896366639141206)	(3.0, 0.32514450867052025)	(4.0, 0.3819157720891825)	(5.0, 0.3096614368290669)	(6.0, 0.18579686209744012)	(7.0, 0.2167630057803468)	(8.0, 0.18579686209744012)	(9.0, 0.09289843104872006)	('>10', 3.524979355904211)	('>50', 2.1289223781998348)	('>100', 14.280553261767134)	('>500', 14.641824938067712)	('>1k', 45.36798100743187)	('>5k', 16.00175474814203)	('>10k+', 0.0)
SRR12873154_2	(1.0, 4.704273327828242)	(2.0, 1.6308835672997524)	(3.0, 1.0760734929810074)	(4.0, 1.0218827415359206)	(5.0, 0.7483484723369117)	(6.0, 0.7896366639141206)	(7.0, 0.7225433526011561)	(8.0, 0.5986787778695294)	(9.0, 0.7896366639141206)	('>10', 21.056977704376546)	('>50', 8.505367464905037)	('>100', 33.87438067712634)	('>500', 24.481317093311315)	('>1k', 0.0)	('>5k', 0.0)	('>10k+', 0.0)
SRR12873155_1	(1.0, 1.1598098509171457)	(2.0, 0.5525274397073098)	(3.0, 0.3285298290151572)	(4.0, 0.2488862341023918)	(5.0, 0.211553298987033)	(6.0, 0.13439856641529158)	(7.0, 0.17422036387167425)	(8.0, 0.1791980885537221)	(9.0, 0.11199880534607631)	('>10', 2.780059234923716)	('>50', 2.1055775405062347)	('>100', 7.795116852086911)	('>500', 10.293934642474925)	('>1k', 42.69145573558327)	('>5k', 0.0)	('>10k+', 31.232733517509146)
SRR12873155_2	(1.0, 4.039423579481819)	(2.0, 1.1747430249632893)	(3.0, 0.9183902038378258)	(4.0, 0.8063913984917493)	(5.0, 0.5973269618457403)	(6.0, 0.5823937877995968)	(7.0, 0.8188357101968691)	(8.0, 0.3982179745638269)	(9.0, 0.4031956992458747)	('>10', 11.132681251399985)	('>50', 5.505363498344906)	('>100', 38.95567336170637)	('>500', 34.667363548122154)	('>1k', 0.0)	('>5k', 0.0)	('>10k+', 0.0)
SRR12873156_1	(1.0, 1.5373660873223938)	(2.0, 0.5955270738259377)	(3.0, 0.4272259442664336)	(4.0, 0.3366022591190083)	(5.0, 0.16182800919183093)	(6.0, 0.31070977764831537)	(7.0, 0.15859144900799432)	(8.0, 0.2071398517655436)	(9.0, 0.17477424992717738)	('>10', 4.369356248179434)	('>50', 0.9159465320257629)	('>100', 17.500080914004595)	('>500', 14.933488688222157)	('>1k', 36.24300093860246)	('>5k', 22.128361976890957)	('>10k+', 0.0)
SRR12873156_2	(1.0, 4.589442340680325)	(2.0, 1.152215425445836)	(3.0, 0.9224196523934364)	(4.0, 0.7508819626500955)	(5.0, 1.1166132634236334)	(6.0, 0.6408389163996504)	(7.0, 0.9515486940479658)	(8.0, 0.7767744441207884)	(9.0, 0.7573550830177687)	('>10', 18.328640321066768)	('>50', 10.670938926109331)	('>100', 22.66563096740784)	('>500', 36.67670000323656)	('>1k', 0.0)	('>5k', 0.0)	('>10k+', 0.0)
SRR12873157_1	(1.0, 1.6273102283431318)	(2.0, 0.6431285932374053)	(3.0, 0.4677298859908403)	(4.0, 0.3118199239938935)	(5.0, 0.42225614707506415)	(6.0, 0.13642121674732843)	(7.0, 0.3410530418683211)	(8.0, 0.2598499366615779)	(9.0, 0.23386494299542016)	('>10', 4.11537337187774)	('>50', 2.8551011790690874)	('>100', 15.357131256699255)	('>500', 9.218176503069477)	('>1k', 64.01078377237145)	('>5k', 0.0)	('>10k+', 0.0)
SRR12873157_2	(1.0, 5.018351901776724)	(2.0, 1.4291746516386787)	(3.0, 1.0816253613538183)	(4.0, 0.8964822814824439)	(5.0, 0.8120310520674311)	(6.0, 0.7210835742358788)	(7.0, 0.7957904310260824)	(8.0, 0.8315197973170494)	(9.0, 0.5261961217396953)	('>10', 25.380842563419627)	('>50', 2.978529898983337)	('>100', 59.52837236495924)	('>500', 0.0)	('>1k', 0.0)	('>5k', 0.0)	('>10k+', 0.0)
SRR12873158_1	(1.0, 1.8084762212876093)	(2.0, 0.7764477515367195)	(3.0, 0.4658686509220317)	(4.0, 0.38822387576835976)	(5.0, 0.29116790682626986)	(6.0, 0.2523455192494339)	(7.0, 0.27175671303785187)	(8.0, 0.1552895503073439)	(9.0, 0.29116790682626986)	('>10', 3.917825946295697)	('>50', 1.3555483662245227)	('>100', 17.246845681009383)	('>500', 20.95438369459722)	('>1k', 51.82465221611129)	('>5k', 0.0)	('>10k+', 0.0)
SRR12873158_2	(1.0, 4.969265609835005)	(2.0, 1.1517308314461339)	(3.0, 0.8540925266903915)	(4.0, 0.7893885473956648)	(5.0, 0.7440957618893562)	(6.0, 1.1646716273050794)	(7.0, 1.0417340666450987)	(8.0, 0.8023293432546102)	(9.0, 0.9317373018440634)	('>10', 20.87350372047881)	('>50', 11.044969265609835)	('>100', 46.92332578453575)	('>500', 8.709155613070203)	('>1k', 0.0)	('>5k', 0.0)	('>10k+', 0.0)
SRR12873159_1	(1.0, 1.2629131549050174)	(2.0, 0.5601204787444847)	(3.0, 0.4676477581970461)	(4.0, 0.27477608391238867)	(5.0, 0.2377869956934133)	(6.0, 0.20608206293429152)	(7.0, 0.12946180876641392)	(8.0, 0.14795635287590161)	(9.0, 0.09511479827736533)	('>10', 2.597162408518059)	('>50', 3.3210917065180054)	('>100', 7.5431319189410555)	('>500', 5.9076858041163565)	('>1k', 35.8160057068879)	('>5k', 14.91981294089672)	('>10k+', 26.513250019815583)
SRR12873159_2	(1.0, 4.132209569605537)	(2.0, 1.4055853523210653)	(3.0, 1.038336547861238)	(4.0, 0.739781764379508)	(5.0, 0.48878438003646063)	(6.0, 0.5865412560437528)	(7.0, 0.4253745145182172)	(8.0, 0.5072789241459483)	(9.0, 0.5944674892335333)	('>10', 16.386166081006103)	('>50', 9.614520859203678)	('>100', 15.503712119210547)	('>500', 19.155063541969405)	('>1k', 29.422177600465005)	('>5k', 0.0)	('>10k+', 0.0)
SRR12873160_1	(1.0, 1.2418582751314446)	(2.0, 0.5336263046378403)	(3.0, 0.33547830181275995)	(4.0, 0.21972847838028722)	(5.0, 0.3138978262575532)	(6.0, 0.16479635878521542)	(7.0, 0.23346150827905518)	(8.0, 0.1412540218158989)	(9.0, 0.1589107745428863)	('>10', 3.2763085615632113)	('>50', 2.5484579769285096)	('>100', 9.540532056815506)	('>500', 15.81456485913835)	('>1k', 36.14729655497136)	('>5k', 29.329828140940123)	('>10k+', 0.0)
SRR12873160_2	(1.0, 4.3474848936671115)	(2.0, 1.3929216040178922)	(3.0, 1.012320489680609)	(4.0, 0.8867613591775877)	(5.0, 0.5787491171623637)	(6.0, 0.7886682884721022)	(7.0, 0.8102487640273092)	(8.0, 0.7690496743310052)	(9.0, 0.529702581809621)	('>10', 13.990033744016323)	('>50', 12.345993878992388)	('>100', 39.03123283371263)	('>500', 23.51683277093306)	('>1k', 0.0)	('>5k', 0.0)	('>10k+', 0.0)
SRR12873161_1	(1.0, 1.1964573268921095)	(2.0, 0.5185185185185185)	(3.0, 0.30917874396135264)	(4.0, 0.24476650563607086)	(5.0, 0.20933977455716585)	(6.0, 0.15458937198067632)	(7.0, 0.14653784219001612)	(8.0, 0.14170692431561996)	(9.0, 0.17391304347826086)	('>10', 3.380032206119163)	('>50', 2.3639291465378425)	('>100', 9.753623188405797)	('>500', 11.09500805152979)	('>1k', 46.08212560386473)	('>5k', 24.23027375201288)	('>10k+', 0.0)
SRR12873161_2	(1.0, 4.407407407407407)	(2.0, 1.2141706924315618)	(3.0, 0.8840579710144927)	(4.0, 0.6892109500805152)	(5.0, 0.5877616747181964)	(6.0, 0.5024154589371981)	(7.0, 0.5410628019323672)	(8.0, 0.5925925925925926)	(9.0, 0.5797101449275363)	('>10', 16.32850241545894)	('>50', 9.77938808373591)	('>100', 42.60225442834138)	('>500', 13.801932367149758)	('>1k', 7.489533011272141)	('>5k', 0.0)	('>10k+', 0.0)
SRR12873162_1	(1.0, 1.4159650623564901)	(2.0, 0.5762910269686191)	(3.0, 0.3579307550312908)	(4.0, 0.24312277700238621)	(5.0, 0.2363693665300977)	(6.0, 0.2161091351132322)	(7.0, 0.20485345099275132)	(8.0, 0.2161091351132322)	(9.0, 0.20260231416865518)	('>10', 3.041285849353924)	('>50', 1.8639412903516277)	('>100', 14.015577866822746)	('>500', 10.062581603709873)	('>1k', 47.730854081311065)	('>5k', 19.616406285174012)	('>10k+', 0.0)
SRR12873162_2	(1.0, 4.727387330601954)	(2.0, 1.3371752735131242)	(3.0, 1.0265183917878529)	(4.0, 0.7113592364143893)	(5.0, 0.7203637837107739)	(6.0, 0.7158615100625816)	(7.0, 0.7248660573589663)	(8.0, 0.7383728783035433)	(9.0, 0.6280671739228311)	('>10', 17.581378596191076)	('>50', 9.162126874071406)	('>100', 50.90720814011076)	('>500', 8.75467110891)	('>1k', 2.2646436450407457)	('>5k', 0.0)	('>10k+', 0.0)
SRR12873163_1	(1.0, 1.3695727549408638)	(2.0, 0.493123242285318)	(3.0, 0.3871787957005817)	(4.0, 0.21574141849982664)	(5.0, 0.17336363986593212)	(6.0, 0.18492121585699425)	(7.0, 0.24270909581230493)	(8.0, 0.23115151982124282)	(9.0, 0.20803636783911852)	('>10', 4.1780637207689635)	('>50', 1.72785761066379)	('>100', 14.533651808760641)	('>500', 9.82971838039835)	('>1k', 38.1708209731479)	('>5k', 28.05408945563817)	('>10k+', 0.0)
SRR12873163_2	(1.0, 4.19347382209038)	(2.0, 1.221250529722233)	(3.0, 0.7859151673922257)	(4.0, 0.6164040528566476)	(5.0, 0.6452979928343029)	(6.0, 0.6241091035173557)	(7.0, 0.7820626420618716)	(8.0, 0.6009939515352314)	(9.0, 0.6241091035173557)	('>10', 17.424972069191355)	('>50', 7.961243595176638)	('>100', 37.874176522710634)	('>500', 26.64599144739377)	('>1k', 0.0)	('>5k', 0.0)	('>10k+', 0.0)
SRR12873164_1	(1.0, 1.0550973406035316)	(2.0, 0.4724316450463574)	(3.0, 0.33070215153245014)	(4.0, 0.25983740477549655)	(5.0, 0.14763488907698666)	(6.0, 0.22440503139701976)	(7.0, 0.1377925631385209)	(8.0, 0.12598177201236196)	(9.0, 0.088580933446192)	('>10', 2.645617212259601)	('>50', 2.293261943662526)	('>100', 8.269522253498947)	('>500', 6.116021338162635)	('>1k', 37.42839707879766)	('>5k', 14.013503671187575)	('>10k+', 26.391212771402138)
SRR12873164_2	(1.0, 3.6160705497923264)	(2.0, 1.2440699986220745)	(3.0, 0.7204582586956949)	(4.0, 0.7007736068187634)	(5.0, 0.6594358378772072)	(6.0, 0.4606208539201984)	(7.0, 0.5236117399263794)	(8.0, 0.3149544300309049)	(9.0, 0.49605322729867524)	('>10', 13.358004763685754)	('>50', 6.600263774335151)	('>100', 10.409243912521408)	('>500', 33.0761205488081)	('>1k', 27.82031849766737)	('>5k', 0.0)	('>10k+', 0.0)
SRR12873165_1	(1.0, 1.4007308160779537)	(2.0, 0.6011551608974107)	(3.0, 0.3713017170248713)	(4.0, 0.31432949589407094)	(5.0, 0.2848611056540018)	(6.0, 0.035362068288082985)	(7.0, 0.2887902243526777)	(8.0, 0.11001532356292483)	(9.0, 0.12376723900829044)	('>10', 3.3456445719225183)	('>50', 1.5205689363875683)	('>100', 13.465089780362266)	('>500', 8.209893520883266)	('>1k', 39.52693410867943)	('>5k', 30.401555931004676)	('>10k+', 0.0)
SRR12873165_2	(1.0, 4.204157007583199)	(2.0, 1.1355153039173314)	(3.0, 0.7484971120977565)	(4.0, 0.6443754665828454)	(5.0, 0.4813170405877962)	(6.0, 0.518643668225217)	(7.0, 0.45381320969706496)	(8.0, 0.48721071863580995)	(9.0, 0.3889827511689128)	('>10', 11.17637813838356)	('>50', 8.905347530548898)	('>100', 65.27641350045185)	('>500', 5.579348552119759)	('>1k', 0.0)	('>5k', 0.0)	('>10k+', 0.0)
SRR12873166_1	(1.0, 1.168584798280005)	(2.0, 0.5311749083090932)	(3.0, 0.3111167320096117)	(4.0, 0.24282281522701402)	(5.0, 0.20235234602251168)	(6.0, 0.16694068546857216)	(7.0, 0.10623498166181865)	(8.0, 0.24282281522701402)	(9.0, 0.04552927785506514)	('>10', 3.3236372834197545)	('>50', 2.44593398254711)	('>100', 14.141899582648287)	('>500', 3.3438725180220055)	('>1k', 39.62564815985835)	('>5k', 34.101429113443785)	('>10k+', 0.0)
SRR12873166_2	(1.0, 4.477045655748071)	(2.0, 1.5176425951688377)	(3.0, 1.3203490577968888)	(4.0, 1.1837612242316935)	(5.0, 0.9232325787277096)	(6.0, 0.7436448716327305)	(7.0, 0.77905653218667)	(8.0, 0.6677627418742886)	(9.0, 0.5918806121158467)	('>10', 20.356646009864676)	('>50', 11.888200328822563)	('>100', 30.54002782344758)	('>500', 22.44340457822183)	('>1k', 2.567345390160617)	('>5k', 0.0)	('>10k+', 0.0)
SRR12873167_1	(1.0, 1.2092169657422511)	(2.0, 0.5057096247960848)	(3.0, 0.4221044045676998)	(4.0, 0.21207177814029365)	(5.0, 0.23450244698205547)	(6.0, 0.1468189233278956)	(7.0, 0.14274061990212072)	(8.0, 0.04893964110929853)	(9.0, 0.12846655791190864)	('>10', 3.3870309951060356)	('>50', 2.489804241435563)	('>100', 10.842169657422513)	('>500', 7.157422512234911)	('>1k', 52.858890701468184)	('>5k', 20.21411092985318)	('>10k+', 0.0)
SRR12873167_2	(1.0, 3.8152528548123983)	(2.0, 1.2479608482871127)	(3.0, 0.7891517128874388)	(4.0, 0.7014681892332789)	(5.0, 0.5607667210440457)	(6.0, 0.6729200652528547)	(7.0, 0.8564437194127243)	(8.0, 0.4404567699836868)	(9.0, 0.5689233278955954)	('>10', 15.870717781402938)	('>50', 10.091761827079933)	('>100', 30.01019575856444)	('>500', 23.50326264274062)	('>1k', 10.870717781402936)	('>5k', 0.0)	('>10k+', 0.0)
SRR12873168_1	(1.0, 1.1740939275142013)	(2.0, 0.4800384030722458)	(3.0, 0.3000240019201536)	(4.0, 0.3120249619969598)	(5.0, 0.1600128010240819)	(6.0, 0.1320105608448676)	(7.0, 0.11200896071685736)	(8.0, 0.2560204816385311)	(9.0, 0.27002160172813827)	('>10', 3.266261300904073)	('>50', 0.9260740859268741)	('>100', 12.587006960556845)	('>500', 9.840787262981038)	('>1k', 47.96783742699416)	('>5k', 0.0)	('>10k+', 22.215777262180975)
SRR12873168_2	(1.0, 3.954316345307625)	(2.0, 1.0920873669893592)	(3.0, 0.7140571245699656)	(4.0, 0.5600448035842868)	(5.0, 0.580046403712297)	(6.0, 0.4800384030722458)	(7.0, 0.40603248259860786)	(8.0, 0.4000320025602048)	(9.0, 0.37803024241939354)	('>10', 15.027202176174093)	('>50', 8.998719897591807)	('>100', 29.940395231618528)	('>500', 35.18081446515721)	('>1k', 2.2881830546443718)	('>5k', 0.0)	('>10k+', 0.0)
SRR12873169_1	(1.0, 1.1254789272030652)	(2.0, 0.5194518125552609)	(3.0, 0.3370910698496905)	(4.0, 0.19157088122605362)	(5.0, 0.11052166224580018)	(6.0, 0.22104332449160036)	(7.0, 0.14183613321544356)	(8.0, 0.14736221632773355)	(9.0, 0.1326259946949602)	('>10', 2.6046271735926907)	('>50', 2.4775272620100206)	('>100', 11.311892130857649)	('>500', 6.494989684644857)	('>1k', 44.47391688770999)	('>5k', 9.315134099616857)	('>10k+', 20.394930739758326)
SRR12873169_2	(1.0, 4.15929855585028)	(2.0, 1.304155614500442)	(3.0, 1.0002210433244916)	(4.0, 0.803124078986148)	(5.0, 0.6631299734748011)	(6.0, 0.8178603006189213)	(7.0, 0.5157677571470675)	(8.0, 0.5599764220453876)	(9.0, 0.7791777188328912)	('>10', 13.923887415266725)	('>50', 14.080459770114942)	('>100', 35.36877394636016)	('>500', 13.820733863837312)	('>1k', 12.203433539640436)	('>5k', 0.0)	('>10k+', 0.0)
SRR12873170_1	(1.0, 1.269183072391877)	(2.0, 0.4456673383971477)	(3.0, 0.3371570299178422)	(4.0, 0.3022787164780654)	(5.0, 0.3197178731979538)	(6.0, 0.3022787164780654)	(7.0, 0.2034568283986979)	(8.0, 0.10851030847930554)	(9.0, 0.12207409703921873)	('>10', 3.7649201674159047)	('>50', 1.7264765152689505)	('>100', 14.58301038598667)	('>500', 7.671291272670904)	('>1k', 41.70864982173306)	('>5k', 27.135327856146336)	('>10k+', 0.0)
SRR12873170_2	(1.0, 4.789955045729345)	(2.0, 1.2904975972717407)	(3.0, 0.8719578359944195)	(4.0, 0.6743140598356844)	(5.0, 0.8235157339947294)	(6.0, 0.8138273135947915)	(7.0, 0.6510618508758332)	(8.0, 0.6820647961556348)	(9.0, 0.8022012091148658)	('>10', 18.22973182452333)	('>50', 8.593628894745)	('>100', 30.388699426445516)	('>500', 27.088823438226633)	('>1k', 4.299720973492482)	('>5k', 0.0)	('>10k+', 0.0)
SRR12873171_1	(1.0, 1.1694866264979877)	(2.0, 0.5558396513773707)	(3.0, 0.30015341174378013)	(4.0, 0.3646308113035551)	(5.0, 0.22233586055094828)	(6.0, 0.18676212286279653)	(7.0, 0.12450808190853102)	(8.0, 0.23122929497298622)	(9.0, 0.08004090979834137)	('>10', 2.4301309558218644)	('>50', 2.543522244702848)	('>100', 11.623718789603576)	('>500', 12.813215643551148)	('>1k', 21.844498299130667)	('>5k', 18.378282233141384)	('>10k+', 27.131645063032217)
SRR12873171_2	(1.0, 4.535651555239344)	(2.0, 1.4807568312693153)	(3.0, 0.9271405384974541)	(4.0, 0.898236876625831)	(5.0, 0.8671098561486982)	(6.0, 0.6269871267536741)	(7.0, 0.43577828667985863)	(8.0, 0.46245858994597244)	(9.0, 0.38019432154212157)	('>10', 15.957044711741558)	('>50', 8.34204148787158)	('>100', 35.48480334393134)	('>500', 29.60179647375325)	('>1k', 0.0)	('>5k', 0.0)	('>10k+', 0.0)
SRR12873172_1	(1.0, 1.4012295557359935)	(2.0, 0.6681359471059042)	(3.0, 0.4315044658392298)	(4.0, 0.2783899779607934)	(5.0, 0.2203920658856281)	(6.0, 0.2644704790627537)	(7.0, 0.21111239995360168)	(8.0, 0.22271198236863474)	(9.0, 0.10439624173529753)	('>10', 3.7141862892935853)	('>50', 2.1482426632641225)	('>100', 12.759540656536364)	('>500', 13.08432896415729)	('>1k', 33.73158566291614)	('>5k', 30.759772648184665)	('>10k+', 0.0)
SRR12873172_2	(1.0, 4.65607238139427)	(2.0, 1.2666743997216101)	(3.0, 0.9465259250666975)	(4.0, 0.6774156130379306)	(5.0, 0.788771604222248)	(6.0, 0.7655724393921819)	(7.0, 0.6658160306228976)	(8.0, 0.5938986196496926)	(9.0, 0.7516529404941422)	('>10', 12.235239531376871)	('>50', 16.837953833661988)	('>100', 52.21204036654681)	('>500', 7.602366314812667)	('>1k', 0.0)	('>5k', 0.0)	('>10k+', 0.0)
SRR12873173_1	(1.0, 1.1582050693008652)	(2.0, 0.49391224442912934)	(3.0, 0.36181943487250173)	(4.0, 0.19143885442989508)	(5.0, 0.18186691170840033)	(6.0, 0.16080863772111187)	(7.0, 0.17420935753120453)	(8.0, 0.13783597518952445)	(9.0, 0.15506547208821503)	('>10', 2.3087525844245347)	('>50', 1.3458151466421624)	('>100', 13.603644995788343)	('>500', 2.9787885749291676)	('>1k', 41.33739183704725)	('>5k', 15.943027796921664)	('>10k+', 19.467417106976033)
SRR12873173_2	(1.0, 3.9244965158128498)	(2.0, 1.095030247339)	(3.0, 0.7638410291752814)	(4.0, 0.5666590091124895)	(5.0, 0.42116547974576923)	(6.0, 0.42499425683436715)	(7.0, 0.34841871506240907)	(8.0, 0.41350792556857335)	(9.0, 0.430737422467264)	('>10', 10.56359598744161)	('>50', 11.373382341680067)	('>100', 39.480434949077264)	('>500', 26.05674247645302)	('>1k', 4.136993644230033)	('>5k', 0.0)	('>10k+', 0.0)
SRR12873174_1	(1.0, 1.312466103664678)	(2.0, 0.5082513364840784)	(3.0, 0.28821569690865423)	(4.0, 0.2851166033935074)	(5.0, 0.2014410784845433)	(6.0, 0.2510265747268924)	(7.0, 0.21693654606027737)	(8.0, 0.16115286278763463)	(9.0, 0.11156736654528551)	('>10', 2.628031300844503)	('>50', 2.132176338421012)	('>100', 11.94700550089099)	('>500', 12.249167118617803)	('>1k', 48.3040210738359)	('>5k', 19.40342449833424)	('>10k+', 0.0)
SRR12873174_2	(1.0, 3.7684977144185323)	(2.0, 1.0722863562407996)	(3.0, 0.6136205159990703)	(4.0, 0.42147671805996745)	(5.0, 0.4648640272720229)	(6.0, 0.37189122181761836)	(7.0, 0.498954055938638)	(8.0, 0.35949484775703106)	(9.0, 0.30681025799953515)	('>10', 11.733168048345858)	('>50', 10.78329588595336)	('>100', 40.388936236150926)	('>500', 29.216704114046642)	('>1k', 0.0)	('>5k', 0.0)	('>10k+', 0.0)
SRR12873175_1	(1.0, 1.2273800157356411)	(2.0, 0.44059795436664045)	(3.0, 0.2884867558353003)	(4.0, 0.29373196957776027)	(5.0, 0.2098085496984002)	(6.0, 0.1888276947285602)	(7.0, 0.14686598478888013)	(8.0, 0.15385960311216015)	(9.0, 0.14162077104642015)	('>10', 2.813182970539383)	('>50', 2.7240143369175627)	('>100', 11.658361744907772)	('>500', 5.5319520937144855)	('>1k', 35.34749541043797)	('>5k', 19.655564297578458)	('>10k+', 19.1782498470146)
SRR12873175_2	(1.0, 4.185680566483084)	(2.0, 1.014074656875601)	(3.0, 0.6608969315499607)	(4.0, 0.6574001223883207)	(5.0, 0.7255879010403007)	(6.0, 0.5769735116706006)	(7.0, 0.5262697788268206)	(8.0, 0.46157880933648043)	(9.0, 0.42486231313926043)	('>10', 15.915726899204477)	('>50', 7.470932773843868)	('>100', 33.707491913628814)	('>500', 16.997989334732058)	('>1k', 16.674534487280358)	('>5k', 0.0)	('>10k+', 0.0)
SRR12873176_1	(1.0, 1.1473691818444638)	(2.0, 0.5492917028042786)	(3.0, 0.3523417172593235)	(4.0, 0.24573576178086154)	(5.0, 0.225860075166233)	(6.0, 0.23850823937554208)	(7.0, 0.08853714946516333)	(8.0, 0.28910089621277824)	(9.0, 0.11383347788378143)	('>10', 2.79343740965597)	('>50', 1.6912402428447528)	('>100', 13.367302688638336)	('>500', 6.094608268285632)	('>1k', 42.911607400982945)	('>5k', 9.625252963284186)	('>10k+', 20.265972824515757)
SRR12873176_2	(1.0, 3.9426134721017636)	(2.0, 1.1347210176351545)	(3.0, 0.7263660017346054)	(4.0, 0.6577045388840705)	(5.0, 0.5691673894189072)	(6.0, 0.5745880312228968)	(7.0, 0.5944637178375253)	(8.0, 0.44810638912980627)	(9.0, 0.4715958369470945)	('>10', 15.071191095692397)	('>50', 9.894478172882335)	('>100', 27.834995663486556)	('>500', 36.24241110147442)	('>1k', 1.837597571552472)	('>5k', 0.0)	('>10k+', 0.0)
SRR12873177_1	(1.0, 1.3068087231563175)	(2.0, 0.5119027800898951)	(3.0, 0.35583485933078074)	(4.0, 0.249708673214583)	(5.0, 0.32254036956883636)	(6.0, 0.16231063758947895)	(7.0, 0.08739803562510405)	(8.0, 0.2830031629765274)	(9.0, 0.13109705343765607)	('>10', 4.118112202430497)	('>50', 1.8145496920259696)	('>100', 15.355002497086732)	('>500', 5.48526718828034)	('>1k', 46.9452305643416)	('>5k', 0.0)	('>10k+', 22.87123356084568)
SRR12873177_2	(1.0, 4.188862993174629)	(2.0, 1.1777925753287832)	(3.0, 0.7803396037955718)	(4.0, 0.6575661727984019)	(5.0, 0.6346762110870651)	(6.0, 0.5993008157149992)	(7.0, 0.6554852671882804)	(8.0, 0.5327118361911104)	(9.0, 0.7303978691526553)	('>10', 18.513817213251208)	('>50', 8.192525387048445)	('>100', 35.42741801231896)	('>500', 27.909106042949894)	('>1k', 0.0)	('>5k', 0.0)	('>10k+', 0.0)
SRR12873178_1	(1.0, 1.334129489038642)	(2.0, 0.5118143819841338)	(3.0, 0.33779749210952825)	(4.0, 0.26614347863174953)	(5.0, 0.18766527339418237)	(6.0, 0.20472575279365351)	(7.0, 0.1910773692740766)	(8.0, 0.1501322187153459)	(9.0, 0.13818988313571612)	('>10', 3.5417555233302056)	('>50', 2.381642924166169)	('>100', 10.72933549432739)	('>500', 15.554039068497824)	('>1k', 52.85848332338139)	('>5k', 11.613068327219995)	('>10k+', 0.0)
SRR12873178_2	(1.0, 4.089396912053229)	(2.0, 1.0406892433677386)	(3.0, 0.5066962381642924)	(4.0, 0.40945150558730703)	(5.0, 0.3241491085899514)	(6.0, 0.47086923142540305)	(7.0, 0.4657510876055617)	(8.0, 0.40945150558730703)	(9.0, 0.3992152179476243)	('>10', 16.765333105860275)	('>50', 7.380363388211208)	('>100', 58.27006738889363)	('>500', 9.468566066706474)	('>1k', 0.0)	('>5k', 0.0)	('>10k+', 0.0)
SRR12873179_1	(1.0, 1.3293071191781272)	(2.0, 0.5743919650769685)	(3.0, 0.3938687760527785)	(4.0, 0.328223980043982)	(5.0, 0.2625791840351856)	(6.0, 0.15754751042111137)	(7.0, 0.13785407161847246)	(8.0, 0.1444185512193521)	(9.0, 0.11816063281583353)	('>10', 3.525125545672367)	('>50', 2.445268651327666)	('>100', 8.891587619391473)	('>500', 13.161781599763678)	('>1k', 50.23796238553189)	('>5k', 18.291922407851118)	('>10k+', 0.0)
SRR12873179_2	(1.0, 4.345685495782322)	(2.0, 1.1028325729477797)	(3.0, 0.787737552105557)	(4.0, 0.5973676436800472)	(5.0, 0.5169527685692716)	(6.0, 0.45294909246069515)	(7.0, 0.43653789345849614)	(8.0, 0.3938687760527785)	(9.0, 0.38402205665145894)	('>10', 13.409590704696885)	('>50', 8.76522138707454)	('>100', 48.5328388092034)	('>500', 20.274395247316768)	('>1k', 0.0)	('>5k', 0.0)	('>10k+', 0.0)
SRR12873180_1	(1.0, 1.5563958468255792)	(2.0, 0.5891323876574676)	(3.0, 0.4637850711346021)	(4.0, 0.34261599849583224)	(5.0, 0.2506946330457309)	(6.0, 0.3760419495685963)	(7.0, 0.14623853594334302)	(8.0, 0.18384273090020264)	(9.0, 0.11281258487057891)	('>10', 3.7729542273382495)	('>50', 2.7576409635030394)	('>100', 11.882925606367643)	('>500', 14.343911254099902)	('>1k', 48.67863037165479)	('>5k', 14.542377838594438)	('>10k+', 0.0)
SRR12873180_2	(1.0, 4.690078759897215)	(2.0, 1.0905216537489293)	(3.0, 0.8335596548770552)	(4.0, 0.5849541437733721)	(5.0, 0.6998558505859986)	(6.0, 0.4763198027868887)	(7.0, 0.7019449725280464)	(8.0, 0.5515281927006079)	(9.0, 0.5640629243528945)	('>10', 13.623164184093426)	('>50', 12.653811602983268)	('>100', 38.66964714730399)	('>500', 24.860551110368313)	('>1k', 0.0)	('>5k', 0.0)	('>10k+', 0.0)
SRR12873181_1	(1.0, 1.0959004526545348)	(2.0, 0.5571132735902652)	(3.0, 0.30238055967892685)	(4.0, 0.24190444774314146)	(5.0, 0.13744570894496674)	(6.0, 0.2309087910275441)	(7.0, 0.19242399252295345)	(8.0, 0.20525225869115032)	(9.0, 0.14844136566056407)	('>10', 2.739751131636337)	('>50', 1.3542983854710722)	('>100', 9.760477944545238)	('>500', 6.390309161214653)	('>1k', 39.77312294976817)	('>5k', 13.048179302508842)	('>10k+', 23.822090274341633)
SRR12873181_2	(1.0, 4.25531914893617)	(2.0, 1.0262612934557518)	(3.0, 0.6267524327890484)	(4.0, 0.4984697711070794)	(5.0, 0.586435024831858)	(6.0, 0.40683929847710154)	(7.0, 0.4618175820550882)	(8.0, 0.6744002785566368)	(9.0, 0.6267524327890484)	('>10', 13.997470998955414)	('>50', 7.409240016860006)	('>100', 26.576502281598767)	('>500', 38.924624773214575)	('>1k', 3.929114666373449)	('>5k', 0.0)	('>10k+', 0.0)
SRR12873182_1	(1.0, 1.1323881421469344)	(2.0, 0.46338918553980235)	(3.0, 0.21174737617381698)	(4.0, 0.2700546246854477)	(5.0, 0.17645614681151414)	(6.0, 0.1012704842570429)	(7.0, 0.17185294298164858)	(8.0, 0.12275210212974896)	(9.0, 0.09666728042717732)	('>10', 2.135886577057632)	('>50', 2.048425704290186)	('>100', 8.600319155465536)	('>500', 11.888541091266188)	('>1k', 43.197999140735284)	('>5k', 12.591296875959001)	('>10k+', 16.790953170073035)
SRR12873182_2	(1.0, 4.213465905603633)	(2.0, 1.2060394034247837)	(3.0, 0.7733382434174185)	(4.0, 0.5646596697968452)	(5.0, 0.4756643957527773)	(6.0, 0.44190756766709627)	(7.0, 0.5370404468176517)	(8.0, 0.4296323574541214)	(9.0, 0.5523844595838704)	('>10', 11.742772969987112)	('>50', 10.914196280611305)	('>100', 46.95728226845885)	('>500', 21.191616031424537)	('>1k', 0.0)	('>5k', 0.0)	('>10k+', 0.0)
SRR12873183_1	(1.0, 1.163278767164358)	(2.0, 0.5836381443505027)	(3.0, 0.3058103975535168)	(4.0, 0.32779676600507685)	(5.0, 0.11992564609941837)	(6.0, 0.20387359836901123)	(7.0, 0.20986988067398213)	(8.0, 0.2078711199056585)	(9.0, 0.17988846914912754)	('>10', 3.0501089324618738)	('>50', 2.2865823189622434)	('>100', 11.173072694929145)	('>500', 6.220143511023165)	('>1k', 49.525294317523134)	('>5k', 0.0)	('>10k+', 24.442845435829785)
SRR12873183_2	(1.0, 4.551178269472927)	(2.0, 1.4071275808998422)	(3.0, 0.9114349103555794)	(4.0, 0.6635885750834483)	(5.0, 0.5796406228138554)	(6.0, 0.5276728428374408)	(7.0, 0.6156183166436808)	(8.0, 0.4956926705442626)	(9.0, 0.6116207951070336)	('>10', 18.59447142771482)	('>50', 8.904479222881813)	('>100', 36.037656652875214)	('>500', 17.07541324378885)	('>1k', 9.02440486898123)	('>5k', 0.0)	('>10k+', 0.0)
SRR12873184_1	(1.0, 1.2306437082490522)	(2.0, 0.588125308085873)	(3.0, 0.3620540191395693)	(4.0, 0.20397409528989818)	(5.0, 0.22097193656405636)	(6.0, 0.17337798099641347)	(7.0, 0.14278186670292872)	(8.0, 0.10878618415461237)	(9.0, 0.18357668576090838)	('>10', 2.9661233023406024)	('>50', 1.96325066716527)	('>100', 9.365810542061158)	('>500', 14.80002039740953)	('>1k', 43.18811510938111)	('>5k', 24.50238819669902)	('>10k+', 0.0)
SRR12873184_2	(1.0, 4.055684928014142)	(2.0, 1.0538661589978073)	(3.0, 0.7547041525726232)	(4.0, 0.5915248763407047)	(5.0, 0.4929373969505873)	(6.0, 0.48953782869575563)	(7.0, 0.4402440890006969)	(8.0, 0.46234128265710256)	(9.0, 0.5966242287229522)	('>10', 15.167173768931347)	('>50', 9.619078377046115)	('>100', 43.57056653804967)	('>500', 22.705716374020497)	('>1k', 0.0)	('>5k', 0.0)	('>10k+', 0.0)
SRR12873185_1	(1.0, 0.8955958336750595)	(2.0, 0.43631591896990074)	(3.0, 0.28540966128106293)	(4.0, 0.22307881571393423)	(5.0, 0.26244566554580495)	(6.0, 0.1476256868695153)	(7.0, 0.11481997867628967)	(8.0, 0.13122283277290248)	(9.0, 0.1033379808086607)	('>10', 2.719593209218404)	('>50', 1.7321413926023128)	('>100', 7.609284015418682)	('>500', 5.678668088247355)	('>1k', 14.851144099073238)	('>5k', 33.40113179693267)	('>10k+', 31.408185024194207)
SRR12873185_2	(1.0, 3.1263839908144018)	(2.0, 1.0924300828344133)	(3.0, 0.718445009431641)	(4.0, 0.5380136143689003)	(5.0, 0.37726564422209463)	(6.0, 0.3739850734027721)	(7.0, 0.2755679488230952)	(8.0, 0.36742393176412697)	(9.0, 0.48716476666940045)	('>10', 10.633970310834085)	('>50', 4.912654801935537)	('>100', 7.853686541458214)	('>500', 22.289838431887148)	('>1k', 46.95316985155417)	('>5k', 0.0)	('>10k+', 0.0)
SRR12873186_1	(1.0, 1.0636847129414972)	(2.0, 0.5182053729714987)	(3.0, 0.2741033683349243)	(4.0, 0.25637528978589935)	(5.0, 0.19091776898949953)	(6.0, 0.18819037228964955)	(7.0, 0.10500477294422474)	(8.0, 0.21819173598799946)	(9.0, 0.14727942179189962)	('>10', 2.9646802127369427)	('>50', 1.3936997136233464)	('>100', 9.039956361652802)	('>500', 3.6397108959498157)	('>1k', 42.47920360016364)	('>5k', 0.0)	('>10k+', 37.52079639983636)
SRR12873186_2	(1.0, 3.8347197599890905)	(2.0, 1.0936860766398473)	(3.0, 0.7282149188599482)	(4.0, 0.5782081003681986)	(5.0, 0.388654029728624)	(6.0, 0.3681985544797491)	(7.0, 0.2672848765852993)	(8.0, 0.45820264557479884)	(9.0, 0.3191054138824492)	('>10', 9.788626755761626)	('>50', 7.752625119323605)	('>100', 34.97886267557616)	('>500', 31.990999590890496)	('>1k', 7.452611482340106)	('>5k', 0.0)	('>10k+', 0.0)
SRR12873187_1	(1.0, 1.1267915802609605)	(2.0, 0.47714301444275203)	(3.0, 0.30830779394762436)	(4.0, 0.2789451469049935)	(5.0, 0.15598906241397661)	(6.0, 0.2312308454607183)	(7.0, 0.20553852929841623)	(8.0, 0.14681323521315445)	(9.0, 0.11561542273035914)	('>10', 3.217045016608247)	('>50', 2.277440311244059)	('>100', 11.946927015470445)	('>500', 6.7405626617239545)	('>1k', 30.210493475986862)	('>5k', 22.069699583417446)	('>10k+', 20.491457304876036)
SRR12873187_2	(1.0, 3.5730671120001465)	(2.0, 1.19285753610688)	(3.0, 0.6661650547796885)	(4.0, 0.6312969114165642)	(5.0, 0.47714301444275203)	(6.0, 0.5285276467673561)	(7.0, 0.4624616909214366)	(8.0, 0.396395735075517)	(9.0, 0.5615606246903158)	('>10', 16.134774549925677)	('>50', 8.408728046833422)	('>100', 25.578535905011833)	('>500', 9.715365840230497)	('>1k', 31.67312033179791)	('>5k', 0.0)	('>10k+', 0.0)
SRR12873188_1	(1.0, 0.9779421564707451)	(2.0, 0.4764760762361722)	(3.0, 0.2698920431827269)	(4.0, 0.19992003198720512)	(5.0, 0.2582300413168066)	(6.0, 0.14994002399040385)	(7.0, 0.09329601492736239)	(8.0, 0.11995201919232307)	(9.0, 0.0899640143942423)	('>10', 2.577302412368386)	('>50', 1.252832200453152)	('>100', 8.336665333866454)	('>500', 5.809342929494869)	('>1k', 32.065507130481144)	('>5k', 22.829201652672264)	('>10k+', 24.493535918965748)
SRR12873188_2	(1.0, 3.8984406237505)	(2.0, 1.16953218712515)	(3.0, 0.9196321471411436)	(4.0, 0.6530721044915367)	(5.0, 0.7163801146208184)	(6.0, 0.6397441023590564)	(7.0, 0.583100093296015)	(8.0, 0.7463681194188991)	(9.0, 0.5997600959616154)	('>10', 11.980207916833267)	('>50', 11.835265893642543)	('>100', 30.44448887111822)	('>500', 3.4103025456484075)	('>1k', 32.40370518459283)	('>5k', 0.0)	('>10k+', 0.0)
SRR12873189_1	(1.0, 1.6154137394303985)	(2.0, 0.6772958647090993)	(3.0, 0.4669555340540995)	(4.0, 0.3028900761431997)	(5.0, 0.29447646291699975)	(6.0, 0.22716755710739978)	(7.0, 0.22085734718774977)	(8.0, 0.1009633587143999)	(9.0, 0.18930629758949982)	('>10', 3.3759623070127467)	('>50', 3.6409911236380466)	('>100', 14.786925245046485)	('>500', 12.534180303731437)	('>1k', 61.566614782718446)	('>5k', 0.0)	('>10k+', 0.0)
SRR12873189_2	(1.0, 5.115476841529595)	(2.0, 1.3587985360312986)	(3.0, 0.9086702284295991)	(4.0, 0.7572251903579993)	(5.0, 0.5784359093012494)	(6.0, 0.7824660300365991)	(7.0, 0.8834293887509991)	(8.0, 0.6057801522863994)	(9.0, 0.6625720415632493)	('>10', 17.847377056076734)	('>50', 11.995709057254638)	('>100', 58.50405956838164)	('>500', 0.0)	('>1k', 0.0)	('>5k', 0.0)	('>10k+', 0.0)
SRR12873190_1	(1.0, 1.4858841010401187)	(2.0, 0.656450289414739)	(3.0, 0.49233771706105434)	(4.0, 0.24838659599476615)	(5.0, 0.26612849570867797)	(6.0, 0.2794349204941119)	(7.0, 0.26391075824443905)	(8.0, 0.17741899713911866)	(9.0, 0.17963673460335763)	('>10', 3.863298662704309)	('>50', 3.0161229513650176)	('>100', 13.115699363509348)	('>500', 13.35077953471868)	('>1k', 46.05353618238673)	('>5k', 16.550974695615533)	('>10k+', 0.0)
SRR12873190_2	(1.0, 4.608458450688607)	(2.0, 1.2108846554744848)	(3.0, 0.7385065755915815)	(4.0, 0.6653212392716951)	(5.0, 0.49899092945377127)	(6.0, 0.5056441418464882)	(7.0, 0.48124902973985934)	(8.0, 0.5499988911312679)	(9.0, 0.49899092945377127)	('>10', 17.10984453660376)	('>50', 16.78161939189639)	('>100', 49.19163469428489)	('>500', 7.158856534563439)	('>1k', 0.0)	('>5k', 0.0)	('>10k+', 0.0)
SRR12873191_1	(1.0, 1.2402006503491216)	(2.0, 0.4688563434246679)	(3.0, 0.35542335711224826)	(4.0, 0.27223916714980717)	(5.0, 0.30248796349978574)	(6.0, 0.13611958357490359)	(7.0, 0.1588061808373875)	(8.0, 0.0806634569332762)	(9.0, 0.2041793753623554)	('>10', 2.8837185853646243)	('>50', 1.6460386680446675)	('>100', 11.285321771571173)	('>500', 12.336467444732929)	('>1k', 39.91076605076756)	('>5k', 0.0)	('>10k+', 28.718711401275492)
SRR12873191_2	(1.0, 4.731415895742482)	(2.0, 1.0889566685992287)	(3.0, 0.8167175014494216)	(4.0, 0.5646441985329334)	(5.0, 0.39071361952055655)	(6.0, 0.3781099543747322)	(7.0, 0.26467696806231256)	(8.0, 0.38315142043306194)	(9.0, 0.4310453479871946)	('>10', 10.145950442388646)	('>50', 16.425096418038365)	('>100', 64.37952156487107)	('>500', 0.0)	('>1k', 0.0)	('>5k', 0.0)	('>10k+', 0.0)
SRR12873192_1	(1.0, 1.4133773682061117)	(2.0, 0.5220263143876844)	(3.0, 0.3675491397219411)	(4.0, 0.31250554874909)	(5.0, 0.17755997088016476)	(6.0, 0.19176476855057795)	(7.0, 0.23615476127061916)	(8.0, 0.21307196505619772)	(9.0, 0.07990198689607414)	('>10', 3.4269074379871802)	('>50', 1.1559154104298726)	('>100', 7.988423089898614)	('>500', 13.574459773788597)	('>1k', 61.300804346668095)	('>5k', 9.039578117509189)	('>10k+', 0.0)
SRR12873192_2	(1.0, 3.8583781672259807)	(2.0, 0.9126582503240469)	(3.0, 0.49006551962925476)	(4.0, 0.433246328947602)	(5.0, 0.3107299490402884)	(6.0, 0.2556863580674373)	(7.0, 0.45988032457962674)	(8.0, 0.3267103464195032)	(9.0, 0.23970596068822245)	('>10', 13.95621371118095)	('>50', 8.403913421758197)	('>100', 58.87355954473623)	('>500', 11.479252117402652)	('>1k', 0.0)	('>5k', 0.0)	('>10k+', 0.0)
SRR12873193_1	(1.0, 1.2112432345425646)	(2.0, 0.5070320516689806)	(3.0, 0.3199130802197139)	(4.0, 0.2816844731494336)	(5.0, 0.24144383412808595)	(6.0, 0.27766040924729884)	(7.0, 0.18309490754713187)	(8.0, 0.1287700448683125)	(9.0, 0.12675801291724514)	('>10', 2.247439689342267)	('>50', 2.7464236132069777)	('>100', 9.87907687974085)	('>500', 8.577292207400253)	('>1k', 40.53841975010563)	('>5k', 32.73374781191525)	('>10k+', 0.0)
SRR12873193_2	(1.0, 4.358061206011951)	(2.0, 1.1307619564998692)	(3.0, 0.7364036940906622)	(4.0, 0.5875133297116758)	(5.0, 0.4828876682561719)	(6.0, 0.39838232631134185)	(7.0, 0.2957686968069053)	(8.0, 0.27363634534516407)	(9.0, 0.2535160258344903)	('>10', 16.15259250316895)	('>50', 4.911369992555482)	('>100', 46.7274300315889)	('>500', 23.691676223818433)	('>1k', 0.0)	('>5k', 0.0)	('>10k+', 0.0)
SRR12873194_1	(1.0, 1.1166306695464363)	(2.0, 0.4622030237580993)	(3.0, 0.27213822894168466)	(4.0, 0.2505399568034557)	(5.0, 0.17278617710583152)	(6.0, 0.11663066954643629)	(7.0, 0.0755939524838013)	(8.0, 0.08639308855291576)	(9.0, 0.07775377969762419)	('>10', 2.8077753779697625)	('>50', 1.7667386609071274)	('>100', 11.151187904967601)	('>500', 10.855291576673865)	('>1k', 44.827213822894166)	('>5k', 0.0)	('>10k+', 25.961123110151185)
SRR12873194_2	(1.0, 3.965442764578834)	(2.0, 1.2483801295896328)	(3.0, 1.043196544276458)	(4.0, 0.8034557235421167)	(5.0, 0.8099352051835854)	(6.0, 0.6997840172786177)	(7.0, 0.816414686825054)	(8.0, 0.5183585313174947)	(9.0, 0.38876889848812096)	('>10', 13.250539956803456)	('>50', 10.03023758099352)	('>100', 35.241900647948164)	('>500', 31.183585313174945)	('>1k', 0.0)	('>5k', 0.0)	('>10k+', 0.0)
SRR12873195_1	(1.0, 1.4215297136633005)	(2.0, 0.5169198958775638)	(3.0, 0.3212287924382004)	(4.0, 0.26584451787989)	(5.0, 0.1753835361013163)	(6.0, 0.27692137279155205)	(7.0, 0.20676795835102554)	(8.0, 0.20676795835102554)	(9.0, 0.11630697657245186)	('>10', 3.6664389757601494)	('>50', 3.443055735041631)	('>100', 14.645448335702548)	('>500', 9.123636162239002)	('>1k', 35.154245204644894)	('>5k', 30.459504864585448)	('>10k+', 0.0)
SRR12873195_2	(1.0, 4.929200435689626)	(2.0, 1.3329148743700039)	(3.0, 0.9193789576679527)	(4.0, 0.9083021027562908)	(5.0, 0.7107648568316502)	(6.0, 0.808610408551332)	(7.0, 0.7366108516255285)	(8.0, 0.7827644137574539)	(9.0, 0.7310724241696974)	('>10', 15.494673878929976)	('>50', 12.127309985784702)	('>100', 43.63542378200749)	('>500', 16.882973027858288)	('>1k', 0.0)	('>5k', 0.0)	('>10k+', 0.0)
SRR12873196_1	(1.0, 1.4204368982296303)	(2.0, 0.6087586706698416)	(3.0, 0.366497567035925)	(4.0, 0.2733202194844187)	(5.0, 0.13458950201884254)	(6.0, 0.2608965731442178)	(7.0, 0.2029195568899472)	(8.0, 0.2319080650170825)	(9.0, 0.18635469510301272)	('>10', 4.012837767884874)	('>50', 1.950512475411533)	('>100', 12.699037167408633)	('>500', 14.564654726162129)	('>1k', 45.54922869862305)	('>5k', 17.538047416916864)	('>10k+', 0.0)
SRR12873196_2	(1.0, 4.34620561134693)	(2.0, 1.1761051868723469)	(3.0, 0.6957241950512475)	(4.0, 0.8365255202401904)	(5.0, 0.507298892224868)	(6.0, 0.5466404389688374)	(7.0, 0.5362874003520033)	(8.0, 0.5466404389688374)	(9.0, 0.5776995548193394)	('>10', 12.788073299513409)	('>50', 14.769644890775444)	('>100', 44.186768816647685)	('>500', 18.486385754218862)	('>1k', 0.0)	('>5k', 0.0)	('>10k+', 0.0)
SRR12873197_1	(1.0, 1.1208859911579512)	(2.0, 0.5582101549591391)	(3.0, 0.36172018041352205)	(4.0, 0.2679408743803867)	(5.0, 0.31259768677711786)	(6.0, 0.08038226231411601)	(7.0, 0.10940919037199125)	(8.0, 0.08931362479346225)	(9.0, 0.12057339347117403)	('>10', 2.3400169695887105)	('>50', 2.842406109051936)	('>100', 11.115080605546376)	('>500', 8.250346090296075)	('>1k', 33.70249631581298)	('>5k', 38.72862055106506)	('>10k+', 0.0)
SRR12873197_2	(1.0, 4.177644799714196)	(2.0, 1.232528022149779)	(3.0, 0.7033447952485151)	(4.0, 0.46443084892600367)	(5.0, 0.5470459518599562)	(6.0, 0.4956906176037154)	(7.0, 0.4688965301656768)	(8.0, 0.3929799490912339)	(9.0, 0.5023891394632252)	('>10', 12.17567989996874)	('>50', 8.855445898271782)	('>100', 47.856473004956904)	('>500', 22.12745054258027)	('>1k', 0.0)	('>5k', 0.0)	('>10k+', 0.0)
SRR12873198_1	(1.0, 1.3302668806565296)	(2.0, 0.5460050629560383)	(3.0, 0.36234881450718903)	(4.0, 0.37062161849137143)	(5.0, 0.17372888366783037)	(6.0, 0.2283293899634342)	(7.0, 0.17372888366783037)	(8.0, 0.10589189099753471)	(9.0, 0.14891047171528315)	('>10', 3.5192508148711923)	('>50', 2.093019407998147)	('>100', 11.944274392362548)	('>500', 7.941891824815103)	('>1k', 47.77875213024703)	('>5k', 23.282979533082944)	('>10k+', 0.0)
SRR12873198_2	(1.0, 3.9378546964708216)	(2.0, 1.1019374906930957)	(3.0, 0.5559324277370572)	(4.0, 0.5691689141117491)	(5.0, 0.537732258971856)	(6.0, 0.36731249689769846)	(7.0, 0.4285312463806482)	(8.0, 0.3573851321166796)	(9.0, 0.3573851321166796)	('>10', 10.524661228676848)	('>50', 11.343668823110905)	('>100', 47.40151226856831)	('>500', 22.516917884147652)	('>1k', 0.0)	('>5k', 0.0)	('>10k+', 0.0)
SRR12873199_1	(1.0, 1.1806056236481615)	(2.0, 0.44160057678442677)	(3.0, 0.32444124008651765)	(4.0, 0.19826964671953856)	(5.0, 0.1802451333813987)	(6.0, 0.16222062004325882)	(7.0, 0.22080028839221338)	(8.0, 0.07209805335255948)	(9.0, 0.32444124008651765)	('>10', 2.8613914924297044)	('>50', 1.7371124729632301)	('>100', 15.699351117519827)	('>500', 4.974765681326604)	('>1k', 52.3071377072819)	('>5k', 19.315519105984137)	('>10k+', 0.0)
SRR12873199_2	(1.0, 4.307858687815429)	(2.0, 1.3157894736842104)	(3.0, 1.0138788752703676)	(4.0, 0.9372746935832732)	(5.0, 0.8561643835616438)	(6.0, 0.7975847152126893)	(7.0, 0.7885724585436192)	(8.0, 0.6669069935111751)	(9.0, 0.7705479452054794)	('>10', 17.63248017303533)	('>50', 11.53343547224225)	('>100', 39.53902307137707)	('>500', 19.84048305695746)	('>1k', 0.0)	('>5k', 0.0)	('>10k+', 0.0)
SRR12873200_1	(1.0, 1.247807905031701)	(2.0, 0.4923782544179145)	(3.0, 0.32881424524484015)	(4.0, 0.2360717658168083)	(5.0, 0.3203831107513827)	(6.0, 0.18211250505868068)	(7.0, 0.11803588290840415)	(8.0, 0.22932685822204235)	(9.0, 0.12140833670578711)	('>10', 3.5461351679481994)	('>50', 1.9897477404559556)	('>100', 13.334682314852287)	('>500', 9.29279643868879)	('>1k', 44.55517334412519)	('>5k', 24.005126129772023)	('>10k+', 0.0)
SRR12873200_2	(1.0, 4.807432888169432)	(2.0, 1.4366653176851478)	(3.0, 0.7891541885876164)	(4.0, 0.7689194658033185)	(5.0, 0.6829218939700527)	(6.0, 0.698097936058276)	(7.0, 0.6846081208687441)	(8.0, 0.553082422770808)	(9.0, 0.622217725617159)	('>10', 16.34459732901659)	('>50', 7.613314447592067)	('>100', 48.5144341022528)	('>500', 16.484554161607985)	('>1k', 0.0)	('>5k', 0.0)	('>10k+', 0.0)
SRR12873201_1	(1.0, 1.3193195088848908)	(2.0, 0.5491904175740934)	(3.0, 0.4450336142410757)	(4.0, 0.24618880787804187)	(5.0, 0.25250134141337627)	(6.0, 0.2556576081810435)	(7.0, 0.15465707161569295)	(8.0, 0.11362560363601933)	(9.0, 0.04260960136350724)	('>10', 3.0016096960515104)	('>50', 1.8038064577218067)	('>100', 9.344127765678756)	('>500', 10.04639712148471)	('>1k', 51.75330618943913)	('>5k', 20.671969194836347)	('>10k+', 0.0)
SRR12873201_2	(1.0, 4.003724394785848)	(2.0, 1.120474702521857)	(3.0, 0.5444560174225925)	(4.0, 0.4103146797967364)	(5.0, 0.5207840166650884)	(6.0, 0.5207840166650884)	(7.0, 0.40873654641290286)	(8.0, 0.404002146261402)	(9.0, 0.4545024145440773)	('>10', 8.379888268156424)	('>50', 11.110059022188555)	('>100', 52.29618407347789)	('>500', 19.826089701101537)	('>1k', 0.0)	('>5k', 0.0)	('>10k+', 0.0)
SRR12873202_1	(1.0, 1.0181196824605745)	(2.0, 0.5019401231711225)	(3.0, 0.2776690043074294)	(4.0, 0.22783097789327544)	(5.0, 0.20469189420098963)	(6.0, 0.24563027304118756)	(7.0, 0.149514079242462)	(8.0, 0.11391548894663772)	(9.0, 0.24029048449681392)	('>10', 2.5346196290626892)	('>50', 1.4346231889217187)	('>100', 11.163717916770496)	('>500', 5.382506852728632)	('>1k', 36.13256915026165)	('>5k', 14.529564629240681)	('>10k+', 25.84279662525364)
SRR12873202_2	(1.0, 3.9069452849667154)	(2.0, 1.1747534797622015)	(3.0, 0.7582499733010573)	(4.0, 0.5553380086148588)	(5.0, 0.4182834359759353)	(6.0, 0.3524260439286604)	(7.0, 0.3364066782955395)	(8.0, 0.35598590295824284)	(9.0, 0.43252287209426504)	('>10', 12.870670321455272)	('>50', 8.406607098358904)	('>100', 21.40009255633477)	('>500', 47.16991207148197)	('>1k', 1.86180627247161)	('>5k', 0.0)	('>10k+', 0.0)
SRR12873203_1	(1.0, 1.1987675321757552)	(2.0, 0.48785184709696056)	(3.0, 0.3755175401996341)	(4.0, 0.26960233655358345)	(5.0, 0.15245370221780016)	(6.0, 0.1636871329075328)	(7.0, 0.15726802965625702)	(8.0, 0.08986744551786115)	(9.0, 0.11554385852296434)	('>10', 2.7971242417434286)	('>50', 1.5052797124241744)	('>100', 10.870751356035562)	('>500', 11.188496966973714)	('>1k', 54.28314664441377)	('>5k', 0.0)	('>10k+', 16.344641653561)
SRR12873203_2	(1.0, 3.934910293032064)	(2.0, 1.1008762075937992)	(3.0, 0.7269634432069839)	(4.0, 0.44291812433803)	(5.0, 0.4332894694611163)	(6.0, 0.28885964630741084)	(7.0, 0.4493372275893057)	(8.0, 0.4750136405944089)	(9.0, 0.3033026286227814)	('>10', 13.910196745514652)	('>50', 8.107327406361332)	('>100', 48.21709407195815)	('>500', 21.60991109541997)	('>1k', 0.0)	('>5k', 0.0)	('>10k+', 0.0)
SRR12873204_1	(1.0, 1.3590150749623642)	(2.0, 0.5361819719123136)	(3.0, 0.4021364789342352)	(4.0, 0.3134602297333526)	(5.0, 0.2577797941886123)	(6.0, 0.18560145181580087)	(7.0, 0.24540636406755892)	(8.0, 0.23097069559299663)	(9.0, 0.1113608710894805)	('>10', 2.767523870408942)	('>50', 2.5035573611598028)	('>100', 13.794312346621023)	('>500', 5.63609742013982)	('>1k', 52.54377100905323)	('>5k', 19.11282506032047)	('>10k+', 0.0)
SRR12873204_2	(1.0, 4.633849580334496)	(2.0, 1.1094842341877873)	(3.0, 0.6990988018395167)	(4.0, 0.6599162731228476)	(5.0, 0.5464931636798581)	(6.0, 0.5568043554474027)	(7.0, 0.6640407498298653)	(8.0, 0.4784392980140645)	(9.0, 0.7424058072632035)	('>10', 12.053783176259513)	('>50', 11.082468911756822)	('>100', 42.32950444412365)	('>500', 24.443711204140975)	('>1k', 0.0)	('>5k', 0.0)	('>10k+', 0.0)
SRR12873205_1	(1.0, 1.2746318950992601)	(2.0, 0.54208482895026)	(3.0, 0.3296461797670501)	(4.0, 0.32232070910556004)	(5.0, 0.22892095817156252)	(6.0, 0.17581129587576003)	(7.0, 0.19229360486411254)	(8.0, 0.16116035455278002)	(9.0, 0.11537616291846751)	('>10', 2.8587649256464727)	('>50', 2.6994359387590654)	('>100', 9.964471467291773)	('>500', 11.112738993480331)	('>1k', 54.11874587942276)	('>5k', 15.903596806094791)	('>10k+', 0.0)
SRR12873205_2	(1.0, 4.334847263936708)	(2.0, 1.2892828364222402)	(3.0, 0.8405977584059776)	(4.0, 0.6739433008570801)	(5.0, 0.6867628745146875)	(6.0, 0.54941029961175)	(7.0, 0.5127829463043)	(8.0, 0.52743388762728)	(9.0, 0.52743388762728)	('>10', 14.447659512123654)	('>50', 14.812101677532782)	('>100', 48.21807926159256)	('>500', 12.579664493443705)	('>1k', 0.0)	('>5k', 0.0)	('>10k+', 0.0)
